"","Date","Cases_Male","Cases_Female","Cases_Gender_Unknown","New_Cases_Male","New_Cases_Female","New_Cases_Gender_Unknown"
"1",2020-11-30,74975,81430,403,1042,1351,1
"2",2020-11-28,73933,80079,402,585,783,5
"3",2020-11-27,73348,79296,397,459,582,4
"4",2020-11-26,72889,78714,393,999,1218,4
"5",2020-11-25,71890,77496,389,900,1134,8
"6",2020-11-24,70990,76362,381,938,1103,5
"7",2020-11-23,70052,75259,376,456,567,4
"8",2020-11-22,69596,74692,372,623,734,3
"9",2020-11-21,68973,73958,369,855,1029,2
"10",2020-11-20,68118,72929,367,893,1133,4
"11",2020-11-19,67225,71796,363,1037,1156,4
"12",2020-11-18,66188,70640,359,746,979,1
"13",2020-11-17,65442,69661,358,688,921,0
"14",2020-11-16,64754,68740,358,559,719,7
"15",2020-11-15,64195,68021,351,347,494,2
"16",2020-11-14,63848,67527,349,808,1056,10
"17",2020-11-13,63040,66471,339,956,1261,2
"18",2020-11-12,62084,65210,337,787,1018,5
"19",2020-11-11,61297,64192,332,846,1136,6
"20",2020-11-10,60451,63056,326,651,792,5
"21",2020-11-09,59800,62264,321,447,466,0
"22",2020-11-08,59353,61798,321,472,539,4
"23",2020-11-07,58881,61259,317,1695,1723,4
"24",2020-11-05,57186,59536,313,650,852,2
"25",2020-11-04,56536,58684,311,652,658,-298
"26",2020-11-03,55884,58026,609,397,498,300
"27",2020-11-02,55487,57528,309,240,321,-294
"28",2020-11-01,55247,57207,603,387,420,60
"29",2020-10-31,54860,56787,543,559,739,18
"30",2020-10-30,54301,56048,525,509,650,3
"31",2020-10-29,53792,55398,522,472,659,-59
"32",2020-10-28,53320,54739,581,482,525,-46
"33",2020-10-27,52838,54214,627,370,518,64
"34",2020-10-26,52468,53696,563,327,286,-1
"35",2020-10-25,52141,53410,564,326,439,32
"36",2020-10-24,51815,52971,532,476,636,71
"37",2020-10-23,51339,52335,461,542,766,29
"38",2020-10-22,50797,51569,432,562,648,-8
"39",2020-10-21,50235,50921,440,531,590,34
"40",2020-10-20,49704,50331,406,398,431,15
"41",2020-10-19,49306,49900,391,245,279,7
"42",2020-10-18,49061,49621,384,293,336,15
"43",2020-10-17,48768,49285,369,389,521,-27
"44",2020-10-16,48379,48764,396,449,543,23
"45",2020-10-15,47930,48221,373,605,736,-63
"46",2020-10-14,47325,47485,436,502,517,60
"47",2020-10-13,46823,46968,376,299,348,33
"48",2020-10-12,46524,46620,343,304,380,-30
"49",2020-10-11,46220,46240,373,231,364,18
"50",2020-10-10,45989,45876,355,417,421,70
"51",2020-10-09,45572,45455,285,514,629,24
"52",2020-10-08,45058,44826,261,518,740,7
"53",2020-10-07,44540,44086,254,389,408,12
"54",2020-10-06,44151,43678,242,345,329,-33
"55",2020-10-05,43806,43349,275,197,202,18
"56",2020-10-04,43609,43147,257,182,287,19
"57",2020-10-03,43427,42860,238,360,407,-21
"58",2020-10-02,43067,42453,259,487,578,-107
"59",2020-10-01,42580,41875,366,518,655,-49
"60",2020-09-30,42062,41220,415,467,482,-7
"61",2020-09-29,41595,40738,422,326,371,9
"62",2020-09-28,41269,40367,413,398,414,-5
"63",2020-09-27,40871,39953,418,249,252,-14
"64",2020-09-26,40622,39701,432,420,384,5
"65",2020-09-25,40202,39317,427,418,470,9
"66",2020-09-24,39784,38847,418,484,617,35
"67",2020-09-23,39300,38230,383,401,498,33
"68",2020-09-22,38899,37732,350,288,309,20
"69",2020-09-21,38611,37423,330,298,345,-2
"70",2020-09-20,38313,37078,332,265,297,1
"71",2020-09-19,38048,36781,331,489,588,1
"72",2020-09-18,37559,36193,330,478,383,10
"73",2020-09-17,37081,35810,320,486,512,-6
"74",2020-09-16,36595,35298,326,306,394,22
"75",2020-09-15,36289,34904,304,404,455,11
"76",2020-09-14,35885,34449,293,190,221,-3
"77",2020-09-13,35695,34228,296,248,261,0
"78",2020-09-12,35447,33967,296,838,950,11
"79",2020-09-11,34609,33017,285,534,563,10
"80",2020-09-10,34075,32454,275,195,205,-2
"81",2020-09-09,33880,32249,277,167,212,6
"82",2020-09-08,33713,32037,271,120,175,-1
"83",2020-09-07,33593,31862,272,158,182,10
"84",2020-09-06,33435,31680,262,301,372,14
"85",2020-09-05,33134,31308,248,223,291,1
"86",2020-09-04,32911,31017,247,530,542,22
"87",2020-09-03,32381,30475,225,399,549,21
"88",2020-09-02,31982,29926,204,247,362,6
"89",2020-09-01,31735,29564,198,123,166,-16
"90",2020-08-31,31612,29398,214,160,205,3
"91",2020-08-30,31452,29193,211,234,232,12
"92",2020-08-29,31218,28961,199,435,324,36
"93",2020-08-28,30783,28637,163,458,372,8
"94",2020-08-27,30325,28265,155,353,357,12
"95",2020-08-26,29972,27908,143,324,324,2
"96",2020-08-25,29648,27584,141,228,251,0
"97",2020-08-24,29420,27333,141,117,183,20
"98",2020-08-23,29303,27150,121,182,194,-1
"99",2020-08-22,29121,26956,122,256,288,3
"100",2020-08-21,28865,26668,119,416,460,11
"101",2020-08-20,28449,26208,108,259,288,2
"102",2020-08-19,28190,25920,106,350,376,3
"103",2020-08-18,27840,25544,103,174,225,11
"104",2020-08-17,27666,25319,92,209,200,3
"105",2020-08-16,27457,25119,89,383,275,15
"106",2020-08-15,27074,24844,74,-185,-209,-6
"107",2020-08-14,27259,25053,80,372,251,3
"108",2020-08-13,26887,24802,77,299,354,-1
"109",2020-08-12,26588,24448,78,306,402,-5
"110",2020-08-11,26282,24046,83,205,209,-31
"111",2020-08-10,26077,23837,114,308,330,7
"112",2020-08-09,25769,23507,107,304,261,7
"113",2020-08-08,25465,23246,100,394,399,-21
"114",2020-08-07,25071,22847,121,556,454,1
"115",2020-08-06,24515,22393,120,321,417,-3
"116",2020-08-05,24194,21976,123,496,403,13
"117",2020-08-04,23698,21573,110,357,419,8
"118",2020-08-03,23341,21154,102,342,433,12
"119",2020-08-02,22999,20721,90,274,353,10
"120",2020-08-01,22725,20368,80,329,304,29
"121",2020-07-31,22396,20064,51,342,446,-36
"122",2020-07-30,22054,19618,87,377,407,7
"123",2020-07-29,21677,19211,80,461,339,-13
"124",2020-07-28,21216,18872,93,352,226,-26
"125",2020-07-27,20864,18646,119,366,612,28
"126",2020-07-26,20498,18034,91,298,337,7
"127",2020-07-25,20200,17697,84,353,369,10
"128",2020-07-24,19847,17328,74,494,472,24
"129",2020-07-23,19353,16856,50,474,538,1
"130",2020-07-22,18879,16318,49,269,330,-8
"131",2020-07-21,18610,15988,57,365,428,-65
"132",2020-07-20,18245,15560,122,293,371,35
"133",2020-07-19,17952,15189,87,301,366,28
"134",2020-07-18,17651,14823,59,376,387,8
"135",2020-07-17,17275,14436,51,316,340,-8
"136",2020-07-16,16959,14096,59,452,445,-80
"137",2020-07-15,16507,13651,139,339,259,-34
"138",2020-07-14,16168,13392,173,443,430,-79
"139",2020-07-13,15725,12962,252,265,302,5
"140",2020-07-12,15460,12660,247,271,235,-3
"141",2020-07-11,15189,12425,250,664,373,24
"142",2020-07-10,14525,12052,226,423,325,3
"143",2020-07-09,14102,11727,223,409,373,24
"144",2020-07-08,13693,11354,199,399,352,-17
"145",2020-07-07,13294,11002,216,181,173,-95
"146",2020-07-06,13113,10829,311,211,248,-20
"147",2020-07-05,12902,10581,331,297,270,38
"148",2020-07-04,12605,10311,293,298,267,22
"149",2020-07-03,12307,10044,271,274,270,3
"150",2020-07-02,12033,9774,268,508,373,-3
"151",2020-07-01,11525,9401,271,287,222,-89
"152",2020-06-30,11238,9179,360,285,260,-25
"153",2020-06-29,10953,8919,385,225,213,1
"154",2020-06-28,10728,8706,384,215,252,41
"155",2020-06-27,10513,8454,343,267,315,-12
"156",2020-06-26,10246,8139,355,354,366,-42
"157",2020-06-25,9892,7773,397,216,236,235
"158",2020-06-24,9676,7537,162,409,244,44
"159",2020-06-23,9267,7293,118,380,192,23
"160",2020-06-22,8887,7101,95,295,225,2
"161",2020-06-21,8592,6876,93,204,218,-3
"162",2020-06-20,8388,6658,96,266,248,-3
"163",2020-06-19,8122,6410,99,367,311,25
"164",2020-06-18,7755,6099,74,226,103,-7
"165",2020-06-17,7529,5996,81,233,182,0
"166",2020-06-16,7296,5814,81,140,126,8
"167",2020-06-15,7156,5688,73,198,288,2
"168",2020-06-14,6958,5400,71,228,100,6
"169",2020-06-13,6730,5300,65,330,204,14
"170",2020-06-12,6400,5096,51,452,268,11
"171",2020-06-11,5948,4828,40,209,242,-3
"172",2020-06-10,5739,4586,43,141,138,9
"173",2020-06-09,5598,4448,34,194,142,4
"174",2020-06-08,5404,4306,30,153,158,3
"175",2020-06-07,5251,4148,27,165,158,2
"176",2020-06-06,5086,3990,25,214,232,4
"177",2020-06-05,4872,3758,21,124,104,-2
"178",2020-06-04,4748,3654,23,266,204,-12
"179",2020-06-03,4482,3450,35,27,150,-28
"180",2020-06-02,4455,3300,63,163,230,-18
"181",2020-06-01,4292,3070,81,67,67,60
"182",2020-05-31,4225,3003,21,110,126,0
"183",2020-05-30,4115,2877,21,209,262,4
"184",2020-05-28,3906,2615,17,NA,NA,NA
